1
10
1000
10051
10068
10092
1019
1025
1079
10828
10832
1091
1095
11
11020
1119
11266
11267
11268
11270
11333
1135
11588
11591
1167
1176
11989
12
1208
1209
1210
1211
12112
1212
1214
12149
12161
12357
12570
1259
1262
1263
12642
12643
12702
12850
12851
12853
12881
12885
12967
12968
12969
12970
13
1331
138
139
140
141
1418
142
143
144
1448
1449
145
146
147
148
149
1496
1499
15
150
1500
1501
1502
1503
1547
155
1569
1581
16
160
161
163
164
1645
165
166
167
1688
169
1690
1696
1698
17
1776
1778
1790
18
1807
1817
1818
1826
1832
1844
1849
1858
1859
1861
1877
1880
1881
1887
1894
1898
1919
1928
1944
195
1950
196
1963
1970
1975
1986
1988
1995
2
20
2000
2009
2015
2020
2024
2038
2041
2056
2058
2064
2069
2077
2078
2095
21
2104
2120
2139
2145
2155
2166
2178
2188
2190
22
2204
2206
2221
2232
2257
2263
2267
2274
23
235
2390
2394
240
2457
2473
25
2501
2593
26
27
271
28
2898
29
2911
2989
3
30
3003
3005
3023
31
32
33
34
35
357
36
37
372
38
39
43
44
45
46
5
5271
532
595
62
64
65
66
664
665
6671
67
68
69
7
70
71
72
738
78
8
9
91
9170
92
936
938
939
945
951
9548
958
961
965
984
988
994
998
